              precision    recall  f1-score   support

    airplane     0.9409    0.9560    0.9484      1000
  automobile     0.9816    0.9580    0.9696      1000
        bird     0.9450    0.9280    0.9364      1000
         cat     0.8468    0.8900    0.8679      1000
        deer     0.9462    0.9500    0.9481      1000
         dog     0.9061    0.8970    0.9015      1000
        frog     0.9810    0.9290    0.9543      1000
       horse     0.9636    0.9540    0.9588      1000
        ship     0.9495    0.9770    0.9630      1000
       truck     0.9557    0.9700    0.9628      1000

    accuracy                         0.9409     10000
   macro avg     0.9416    0.9409    0.9411     10000
weighted avg     0.9416    0.9409    0.9411     10000
